CHS21X2.6,1.20,0.0213,0.0026,0.00015,6.81E-09,0.00000064,0.00000092,0.00668000,0.00000001,0.00000000
CHS21X2.9,1.32,0.0213,0.0029,0.00017,7.27E-09,0.00000068,0.00000099,0.00659000,0.00000001,0.00000000
CHS21X3.2,1.43,0.0213,0.0032,0.00018,7.68E-09,0.00000072,0.00000106,0.00650000,0.00000002,0.00000000
CHS27X2.6,1.56,0.0269,0.0026,0.0002,1.48E-08,0.00000110,0.00000154,0.00864000,0.00000003,0.00000000
CHS27X2.9,1.72,0.0269,0.0029,0.00022,1.6E-08,0.00000119,0.00000168,0.00855000,0.00000003,0.00000000
CHS27X3.2,1.87,0.0269,0.0032,0.00024,1.7E-08,0.00000127,0.00000181,0.00846000,0.00000003,0.00000000
CHS27X3.6,2.07,0.0269,0.0036,0.00026,1.83E-08,0.00000136,0.00000197,0.00834000,0.00000004,0.00000000
CHS34X2.6,1.99,0.0337,0.0026,0.00025,3.09E-08,0.00000184,0.00000252,0.01100000,0.00000006,0.00000000
CHS34X2.9,2.20,0.0337,0.0029,0.00028,3.36E-08,0.00000199,0.00000276,0.01090000,0.00000007,0.00000000
CHS34X3.2,2.41,0.0337,0.0032,0.00031,3.6E-08,0.00000214,0.00000299,0.01080000,0.00000007,0.00000000
CHS34X3.6,2.67,0.0337,0.0036,0.00034,3.91E-08,0.00000232,0.00000328,0.01070000,0.00000008,0.00000000
CHS34X4,2.93,0.0337,0.004,0.00037,4.19E-08,0.00000249,0.00000355,0.01060000,0.00000008,0.00000000
CHS34X4.5,3.24,0.0337,0.0045,0.00041,4.5E-08,0.00000267,0.00000387,0.01040000,0.00000009,0.00000000
CHS34X5,3.54,0.0337,0.005,0.00045,4.78E-08,0.00000284,0.00000416,0.01030000,0.00000010,0.00000000
CHS42X2.6,2.55,0.0424,0.0026,0.00033,6.46E-08,0.00000305,0.00000412,0.01410000,0.00000013,0.00000000
CHS42X2.9,2.82,0.0424,0.0029,0.00036,7.06E-08,0.00000333,0.00000453,0.01400000,0.00000014,0.00000000
CHS42X3.2,3.09,0.0424,0.0032,0.00039,7.62E-08,0.00000359,0.00000493,0.01390000,0.00000015,0.00000000
CHS42X3.6,3.44,0.0424,0.0036,0.00044,8.33E-08,0.00000393,0.00000544,0.01380000,0.00000017,0.00000000
CHS42X4,3.79,0.0424,0.004,0.00048,8.99E-08,0.00000424,0.00000592,0.01360000,0.00000018,0.00000000
CHS42X4.5,4.21,0.0424,0.0045,0.00054,9.76E-08,0.00000460,0.00000649,0.01350000,0.00000020,0.00000000
CHS42X5,4.61,0.0424,0.005,0.00059,1.05E-07,0.00000493,0.00000704,0.01330000,0.00000021,0.00000000
CHS48X2.6,2.93,0.0483,0.0026,0.00037,9.78E-08,0.00000405,0.00000544,0.01620000,0.00000020,0.00000000
CHS48X2.9,3.25,0.0483,0.0029,0.00041,1.07E-07,0.00000443,0.00000599,0.01610000,0.00000021,0.00000000
CHS48X3.2,3.56,0.0483,0.0032,0.00045,1.16E-07,0.00000480,0.00000652,0.01600000,0.00000023,0.00000000
CHS48X3.6,3.97,0.0483,0.0036,0.00051,1.27E-07,0.00000526,0.00000721,0.01590000,0.00000025,0.00000000
CHS48X4,4.37,0.0483,0.004,0.00056,1.38E-07,0.00000570,0.00000787,0.01570000,0.00000028,0.00000000
CHS48X4.5,4.86,0.0483,0.0045,0.00062,0.00000015,0.00000621,0.00000866,0.01560000,0.00000030,0.00000000
CHS48X5,5.34,0.0483,0.005,0.00068,1.62E-07,0.00000669,0.00000942,0.01540000,0.00000032,0.00000000
CHS48X5.6,5.90,0.0483,0.0056,0.00075,1.74E-07,0.00000721,0.00001030,0.01520000,0.00000035,0.00000000
CHS48X6.3,6.53,0.0483,0.0063,0.00083,1.87E-07,0.00000776,0.00001120,0.01500000,0.00000038,0.00000000
CHS60X2.6,3.70,0.0603,0.0026,0.00047,1.97E-07,0.00000652,0.00000866,0.02040000,0.00000039,0.00000000
CHS60X2.9,4.11,0.0603,0.0029,0.00052,2.16E-07,0.00000716,0.00000956,0.02030000,0.00000043,0.00000000
CHS60X3.2,4.51,0.0603,0.0032,0.00057,2.35E-07,0.00000778,0.00001040,0.02020000,0.00000047,0.00000000
CHS60X3.6,5.03,0.0603,0.0036,0.00064,2.59E-07,0.00000858,0.00001160,0.02010000,0.00000052,0.00000000
CHS60X4,5.55,0.0603,0.004,0.00071,2.82E-07,0.00000934,0.00001270,0.02000000,0.00000056,0.00000000
CHS60X4.5,6.19,0.0603,0.0045,0.00079,3.09E-07,0.00001020,0.00001400,0.01980000,0.00000062,0.00000000
CHS60X5,6.82,0.0603,0.005,0.00087,3.35E-07,0.00001110,0.00001530,0.01960000,0.00000067,0.00000000
CHS60X5.6,7.55,0.0603,0.0056,0.00096,3.64E-07,0.00001210,0.00001680,0.01940000,0.00000073,0.00000000
CHS60X6.3,8.39,0.0603,0.0063,0.00107,3.95E-07,0.00001310,0.00001850,0.01920000,0.00000079,0.00000000
CHS60X8,10.30,0.0603,0.008,0.00131,0.00000046,0.00001530,0.00002210,0.01870000,0.00000092,0.00000000
CHS76X2.9,5.24,0.0761,0.0029,0.00067,4.47E-07,0.00001180,0.00001550,0.02590000,0.00000090,0.00000000
CHS76X3.2,5.75,0.0761,0.0032,0.00073,4.88E-07,0.00001280,0.00001700,0.02580000,0.00000098,0.00000000
CHS76X3.6,6.44,0.0761,0.0036,0.00082,0.00000054,0.00001420,0.00001890,0.02570000,0.00000108,0.00000000
CHS76X4,7.11,0.0761,0.004,0.00091,5.91E-07,0.00001550,0.00002080,0.02550000,0.00000118,0.00000000
CHS76X4.5,7.95,0.0761,0.0045,0.00101,6.51E-07,0.00001710,0.00002310,0.02540000,0.00000130,0.00000000
CHS76X5,8.77,0.0761,0.005,0.00112,7.09E-07,0.00001860,0.00002530,0.02520000,0.00000142,0.00000000
CHS76X5.6,9.74,0.0761,0.0056,0.00124,7.75E-07,0.00002040,0.00002790,0.02500000,0.00000155,0.00000000
CHS76X6.3,10.80,0.0761,0.0063,0.00138,8.48E-07,0.00002230,0.00003080,0.02480000,0.00000170,0.00000000
CHS76X8,13.40,0.0761,0.008,0.00171,0.00000101,0.00002640,0.00003730,0.02420000,0.00000201,0.00000000
CHS89X2.9,6.15,0.0889,0.0029,0.00078,7.25E-07,0.00001630,0.00002150,0.03040000,0.00000145,0.00000000
CHS89X3.2,6.76,0.0889,0.0032,0.00086,7.92E-07,0.00001780,0.00002350,0.03030000,0.00000158,0.00000000
CHS89X3.6,7.57,0.0889,0.0036,0.00097,8.79E-07,0.00001980,0.00002620,0.03020000,0.00000176,0.00000000
CHS89X4,8.38,0.0889,0.004,0.00107,9.63E-07,0.00002170,0.00002890,0.03000000,0.00000193,0.00000000
CHS89X4.5,9.37,0.0889,0.0045,0.00119,0.00000107,0.00002400,0.00003210,0.02990000,0.00000213,0.00000000
CHS89X5,10.30,0.0889,0.005,0.00132,0.00000116,0.00002620,0.00003520,0.02970000,0.00000233,0.00000000
CHS89X5.6,11.50,0.0889,0.0056,0.00147,0.00000128,0.00002870,0.00003890,0.02950000,0.00000255,0.00000000
CHS89X6.3,12.80,0.0889,0.0063,0.00163,0.0000014,0.00003150,0.00004310,0.02930000,0.00000280,0.00000000
CHS89X8,16.00,0.0889,0.008,0.00203,0.00000168,0.00003780,0.00005250,0.02870000,0.00000336,0.00000000
CHS89X10,19.50,0.0889,0.01,0.00248,0.00000196,0.00004410,0.00006260,0.02810000,0.00000392,0.00000000
CHS102X3.2,7.77,0.1016,0.0032,0.00099,0.0000012,0.00002360,0.00003100,0.03480000,0.00000240,0.00000000
CHS102X3.6,8.70,0.1016,0.0036,0.00111,0.00000133,0.00002620,0.00003460,0.03470000,0.00000266,0.00000000
CHS102X4,9.63,0.1016,0.004,0.00123,0.00000146,0.00002880,0.00003810,0.03450000,0.00000293,0.00000000
CHS102X4.5,10.80,0.1016,0.0045,0.00137,0.00000162,0.00003190,0.00004250,0.03440000,0.00000324,0.00000000
CHS102X5,11.90,0.1016,0.005,0.00152,0.00000177,0.00003490,0.00004670,0.03420000,0.00000355,0.00000000
CHS102X5.6,13.30,0.1016,0.0056,0.00169,0.00000195,0.00003840,0.00005170,0.03400000,0.00000390,0.00000000
CHS102X6.3,14.80,0.1016,0.0063,0.00189,0.00000215,0.00004230,0.00005730,0.03380000,0.00000430,0.00000000
CHS102X8,18.50,0.1016,0.008,0.00235,0.0000026,0.00005110,0.00007030,0.03320000,0.00000519,0.00000000
CHS102X10,22.60,0.1016,0.01,0.00288,0.00000305,0.00006010,0.00008420,0.03260000,0.00000611,0.00000000
CHS114X3.2,8.77,0.1143,0.0032,0.00112,0.00000172,0.00003020,0.00003950,0.03930000,0.00000345,0.00000000
CHS114X3.6,9.83,0.1143,0.0036,0.00125,0.00000192,0.00003360,0.00004410,0.03920000,0.00000384,0.00000000
CHS114X4,10.90,0.1143,0.004,0.00139,0.00000211,0.00003690,0.00004870,0.03900000,0.00000422,0.00000000
CHS114X4.5,12.20,0.1143,0.0045,0.00155,0.00000234,0.00004100,0.00005430,0.03890000,0.00000469,0.00000000
CHS114X5,13.50,0.1143,0.005,0.00172,0.00000257,0.00004500,0.00005980,0.03870000,0.00000514,0.00000000
CHS114X5.6,15.00,0.1143,0.0056,0.00191,0.00000283,0.00004960,0.00006620,0.03850000,0.00000566,0.00000000
CHS114X6.3,16.80,0.1143,0.0063,0.00214,0.00000313,0.00005470,0.00007360,0.03820000,0.00000625,0.00000000
CHS114X8,21.00,0.1143,0.008,0.00267,0.00000379,0.00006640,0.00009060,0.03770000,0.00000759,0.00000000
CHS114X10,25.70,0.1143,0.01,0.00328,0.0000045,0.00007870,0.00010900,0.03700000,0.00000899,0.00000000
CHS140X3.2,10.80,0.1397,0.0032,0.00137,0.0000032,0.00004580,0.00005960,0.04830000,0.00000640,0.00000000
CHS140X3.6,12.10,0.1397,0.0036,0.00154,0.00000357,0.00005110,0.00006670,0.04810000,0.00000713,0.00000000
CHS140X4,13.40,0.1397,0.004,0.00171,0.00000393,0.00005620,0.00007370,0.04800000,0.00000786,0.00000000
CHS140X4.5,15.00,0.1397,0.0045,0.00191,0.00000437,0.00006260,0.00008230,0.04780000,0.00000874,0.00000000
CHS140X5,16.60,0.1397,0.005,0.00212,0.00000481,0.00006880,0.00009080,0.04770000,0.00000961,0.00000000
CHS140X5.6,18.50,0.1397,0.0056,0.00236,0.00000531,0.00007610,0.00010100,0.04750000,0.00001060,0.00000000
CHS140X6.3,20.70,0.1397,0.0063,0.00264,0.00000589,0.00008430,0.00011200,0.04720000,0.00001180,0.00000000
CHS140X8,26.00,0.1397,0.008,0.00331,0.0000072,0.00010300,0.00013900,0.04660000,0.00001440,0.00000000
CHS140X10,32.00,0.1397,0.01,0.00407,0.00000862,0.00012300,0.00016900,0.04600000,0.00001720,0.00000000
CHS140X12.5,39.20,0.1397,0.0125,0.005,0.0000102,0.00014600,0.00020300,0.04520000,0.00002040,0.00000000
CHS168X5,20.10,0.1683,0.005,0.00257,0.00000856,0.00010200,0.00013300,0.05780000,0.00001710,0.00000000
CHS168X5.6,22.50,0.1683,0.0056,0.00286,0.00000948,0.00011300,0.00014800,0.05760000,0.00001900,0.00000000
CHS168X6.3,25.20,0.1683,0.0063,0.00321,0.0000105,0.00012500,0.00016500,0.05730000,0.00002110,0.00000000
CHS168X8,31.60,0.1683,0.008,0.00403,0.000013,0.00015400,0.00020600,0.05670000,0.00002600,0.00000000
CHS168X10,39.00,0.1683,0.01,0.00497,0.0000156,0.00018600,0.00025100,0.05610000,0.00003130,0.00000000
CHS168X12.5,48.00,0.1683,0.0125,0.00612,0.0000187,0.00022200,0.00030400,0.05530000,0.00003740,0.00000000
CHS194X5,23.30,0.1937,0.005,0.00296,0.0000132,0.00013600,0.00017800,0.06670000,0.00002640,0.00000000
CHS194X5.6,26.00,0.1937,0.0056,0.00331,0.0000147,0.00015100,0.00019800,0.06650000,0.00002930,0.00000000
CHS194X6.3,29.10,0.1937,0.0063,0.00371,0.0000163,0.00016800,0.00022100,0.06630000,0.00003260,0.00000000
CHS194X8,36.60,0.1937,0.008,0.00467,0.0000202,0.00020800,0.00027600,0.06570000,0.00004030,0.00000000
CHS194X10,45.30,0.1937,0.01,0.00577,0.0000244,0.00025200,0.00033800,0.06500000,0.00004880,0.00000000
CHS194X12.5,55.90,0.1937,0.0125,0.00712,0.0000293,0.00030300,0.00041100,0.06420000,0.00005870,0.00000000
CHS194X16,70.10,0.1937,0.016,0.00893,0.0000355,0.00036700,0.00050700,0.06310000,0.00007110,0.00000000
CHS219X4.5,23.80,0.2191,0.0045,0.00303,0.0000175,0.00015900,0.00020700,0.07590000,0.00003490,0.00000000
CHS219X5,26.40,0.2191,0.005,0.00336,0.0000193,0.00017600,0.00022900,0.07570000,0.00003860,0.00000000
CHS219X5.6,29.50,0.2191,0.0056,0.00376,0.0000214,0.00019500,0.00025500,0.07550000,0.00004280,0.00000000
CHS219X6.3,33.10,0.2191,0.0063,0.00421,0.0000239,0.00021800,0.00028500,0.07530000,0.00004770,0.00000000
CHS219X8,41.60,0.2191,0.008,0.00531,0.0000296,0.00027000,0.00035700,0.07470000,0.00005920,0.00000000
CHS219X10,51.60,0.2191,0.01,0.00657,0.000036,0.00032800,0.00043800,0.07400000,0.00007200,0.00000000
CHS219X12.5,63.70,0.2191,0.0125,0.00811,0.0000435,0.00039700,0.00053400,0.07320000,0.00008690,0.00000000
CHS219X14.2,71.80,0.2191,0.0142,0.00914,0.0000482,0.00044000,0.00059700,0.07260000,0.00009640,0.00000000
CHS219X16,80.10,0.2191,0.016,0.0102,0.000053,0.00048300,0.00066100,0.07200000,0.00010600,0.00000000
CHS245X5,29.50,0.2445,0.005,0.00376,0.000027,0.00022100,0.00028700,0.08470000,0.00005400,0.00000000
CHS245X5.6,33.00,0.2445,0.0056,0.0042,0.00003,0.00024500,0.00032000,0.08450000,0.00006000,0.00000000
CHS245X6.3,37.00,0.2445,0.0063,0.00471,0.0000335,0.00027400,0.00035800,0.08420000,0.00006690,0.00000000
CHS245X8,46.70,0.2445,0.008,0.00594,0.0000416,0.00034000,0.00044800,0.08370000,0.00008320,0.00000000
CHS245X10,57.80,0.2445,0.01,0.00737,0.0000507,0.00041500,0.00055000,0.08300000,0.00010100,0.00000000
CHS245X12.5,71.50,0.2445,0.0125,0.00911,0.0000615,0.00050300,0.00067300,0.08210000,0.00012300,0.00000000
CHS245X14.2,80.60,0.2445,0.0142,0.0103,0.0000684,0.00055900,0.00075400,0.08160000,0.00013700,0.00000000
CHS245X16,90.20,0.2445,0.016,0.0115,0.0000753,0.00061600,0.00083700,0.08100000,0.00015100,0.00000000
CHS273X5,33.00,0.273,0.005,0.00421,0.0000378,0.00027700,0.00035900,0.09480000,0.00007560,0.00000000
CHS273X5.6,36.90,0.273,0.0056,0.0047,0.0000421,0.00030800,0.00040000,0.09460000,0.00008410,0.00000000
CHS273X6.3,41.40,0.273,0.0063,0.00528,0.000047,0.00034400,0.00044800,0.09430000,0.00009390,0.00000000
CHS273X8,52.30,0.273,0.008,0.00666,0.0000585,0.00042900,0.00056200,0.09370000,0.00011700,0.00000000
CHS273X10,64.90,0.273,0.01,0.00826,0.0000715,0.00052400,0.00069200,0.09310000,0.00014300,0.00000000
CHS273X12.5,80.30,0.273,0.0125,0.0102,0.000087,0.00063700,0.00084900,0.09220000,0.00017400,0.00000000
CHS273X14.2,90.60,0.273,0.0142,0.0115,0.000097,0.00071000,0.00095200,0.09160000,0.00019400,0.00000000
CHS273X16,101.00,0.273,0.016,0.0129,0.000107,0.00078400,0.00106000,0.09100000,0.00021400,0.00000000
CHS324X5,39.30,0.3239,0.005,0.00501,0.0000637,0.00039300,0.00050900,0.11300000,0.00012700,0.00000000
CHS324X5.6,44.00,0.3239,0.0056,0.0056,0.0000709,0.00043800,0.00056700,0.11300000,0.00014200,0.00000000
CHS324X6.3,49.30,0.3239,0.0063,0.00629,0.0000793,0.00049000,0.00063600,0.11200000,0.00015900,0.00000000
CHS324X8,62.30,0.3239,0.008,0.00794,0.0000991,0.00061200,0.00079900,0.11200000,0.00019800,0.00000000
CHS324X10,77.40,0.3239,0.01,0.00986,0.000122,0.00075100,0.00098600,0.11100000,0.00024300,0.00000000
CHS324X12.5,96.00,0.3239,0.0125,0.0122,0.000148,0.00091700,0.00121000,0.11000000,0.00029700,0.00000000
CHS324X14.2,108.00,0.3239,0.0142,0.0138,0.000166,0.00103000,0.00136000,0.11000000,0.00033200,0.00000000
CHS324X16,121.00,0.3239,0.016,0.0155,0.000184,0.00114000,0.00152000,0.10900000,0.00036800,0.00000000
CHS356X6.3,54.30,0.3556,0.0063,0.00691,0.000105,0.00059300,0.00076900,0.12400000,0.00021100,0.00000000
CHS356X8,68.60,0.3556,0.008,0.00874,0.000132,0.00074200,0.00096700,0.12300000,0.00026400,0.00000000
CHS356X10,85.20,0.3556,0.01,0.0109,0.000162,0.00091200,0.00120000,0.12200000,0.00032400,0.00000000
CHS356X12.5,106.00,0.3556,0.0125,0.0135,0.000199,0.00112000,0.00147000,0.12100000,0.00039700,0.00000000
CHS356X14.2,120.00,0.3556,0.0142,0.0152,0.000222,0.00125000,0.00166000,0.12100000,0.00044500,0.00000000
CHS356X16,134.00,0.3556,0.016,0.0171,0.000247,0.00139000,0.00185000,0.12000000,0.00049300,0.00000000
CHS406X6.3,62.20,0.4064,0.0063,0.00792,0.000158,0.00078000,0.00101000,0.14100000,0.00031700,0.00000000
CHS406X8,78.60,0.4064,0.008,0.01,0.000199,0.00097800,0.00127000,0.14100000,0.00039700,0.00000000
CHS406X10,97.80,0.4064,0.01,0.0125,0.000245,0.00121000,0.00157000,0.14000000,0.00049000,0.00000000
CHS406X12.5,121.00,0.4064,0.0125,0.0155,0.0003,0.00148000,0.00194000,0.13900000,0.00060100,0.00000000
CHS406X14.2,137.00,0.4064,0.0142,0.0175,0.000337,0.00166000,0.00219000,0.13900000,0.00067400,0.00000000
CHS406X16,154.00,0.4064,0.016,0.0196,0.000374,0.00184000,0.00244000,0.13800000,0.00074900,0.00000000
CHS457X6.3,70.00,0.457,0.0063,0.00892,0.000227,0.00099100,0.00128000,0.15900000,0.00045300,0.00000000
CHS457X8,88.60,0.457,0.008,0.0113,0.000284,0.00125000,0.00161000,0.15900000,0.00056900,0.00000000
CHS457X10,110.00,0.457,0.01,0.014,0.000351,0.00154000,0.00200000,0.15800000,0.00070200,0.00000000
CHS457X12.5,137.00,0.457,0.0125,0.0175,0.000431,0.00189000,0.00247000,0.15700000,0.00086300,0.00000000
CHS457X14.2,155.00,0.457,0.0142,0.0198,0.000485,0.00212000,0.00279000,0.15700000,0.00096900,0.00000000
CHS457X16,174.00,0.457,0.016,0.0222,0.00054,0.00236000,0.00311000,0.15600000,0.00108000,0.00000000
CHS508X6.3,77.90,0.508,0.0063,0.00993,0.000312,0.00123000,0.00159000,0.17700000,0.00062500,0.00000000
CHS508X8,98.60,0.508,0.008,0.0126,0.000393,0.00155000,0.00200000,0.17700000,0.00078600,0.00000000
CHS508X10,123.00,0.508,0.01,0.0156,0.000485,0.00191000,0.00248000,0.17600000,0.00097000,0.00000000
CHS508X12.5,153.00,0.508,0.0125,0.0195,0.000598,0.00235000,0.00307000,0.17500000,0.00120000,0.00000000
CHS508X14.2,173.00,0.508,0.0142,0.022,0.000672,0.00265000,0.00346000,0.17500000,0.00134000,0.00000000
CHS508X16,194.00,0.508,0.016,0.0247,0.000749,0.00295000,0.00387000,0.17400000,0.00150000,0.00000000
