RHS50X30X3,3.41,0.0500,0.0300,0.0030,0.000434000,0.000000136,0.000005430,0.000006880,0.017700000,0.000000059,0.000003960,0.000004760,0.011700000,0.000000135,0.000000000
RHS50X30X3.2,3.61,0.0500,0.0300,0.0032,0.000460000,0.000000142,0.000005680,0.000007250,0.017600000,0.000000062,0.000004130,0.000005000,0.011600000,0.000000142,0.000000000
RHS50X30X3.6,4.01,0.0500,0.0300,0.0036,0.000510000,0.000000154,0.000006160,0.000007940,0.017400000,0.000000067,0.000004450,0.000005460,0.011400000,0.000000154,0.000000000
RHS50X30X4,4.39,0.0500,0.0300,0.0040,0.000559000,0.000000165,0.000006600,0.000008590,0.017200000,0.000000071,0.000004720,0.000005880,0.011300000,0.000000166,0.000000000
RHS50X30X5,5.28,0.0500,0.0300,0.0050,0.000673000,0.000000187,0.000007490,0.000010000,0.016700000,0.000000079,0.000005260,0.000006800,0.010800000,0.000000190,0.000000000
RHS60X40X3,4.35,0.0600,0.0400,0.0030,0.000554000,0.000000265,0.000008820,0.000010900,0.021800000,0.000000139,0.000006950,0.000008190,0.015800000,0.000000292,0.000000000
RHS60X40X3.2,4.62,0.0600,0.0400,0.0032,0.000588000,0.000000278,0.000009270,0.000011500,0.021800000,0.000000146,0.000007290,0.000008640,0.015700000,0.000000308,0.000000000
RHS60X40X3.6,5.14,0.0600,0.0400,0.0036,0.000654000,0.000000304,0.000010100,0.000012700,0.021600000,0.000000159,0.000007930,0.000009500,0.015600000,0.000000338,0.000000000
RHS60X40X4,5.64,0.0600,0.0400,0.0040,0.000719000,0.000000328,0.000010900,0.000013800,0.021400000,0.000000170,0.000008520,0.000010300,0.015400000,0.000000367,0.000000000
RHS60X40X5,6.85,0.0600,0.0400,0.0050,0.000873000,0.000000381,0.000012700,0.000016400,0.020900000,0.000000195,0.000009770,0.000012200,0.015000000,0.000000430,0.000000000
RHS60X40X6.3,8.31,0.0600,0.0400,0.0063,0.001060000,0.000000434,0.000014500,0.000019200,0.020200000,0.000000219,0.000011000,0.000014200,0.014400000,0.000000495,0.000000000
RHS80X40X3,5.29,0.0800,0.0400,0.0030,0.000674000,0.000000542,0.000013600,0.000017100,0.028400000,0.000000180,0.000009000,0.000010400,0.016300000,0.000000438,0.000000000
RHS80X40X3.2,5.62,0.0800,0.0400,0.0032,0.000716000,0.000000572,0.000014300,0.000018000,0.028300000,0.000000189,0.000009460,0.000011000,0.016300000,0.000000462,0.000000000
RHS80X40X3.6,6.27,0.0800,0.0400,0.0036,0.000798000,0.000000628,0.000015700,0.000020000,0.028100000,0.000000206,0.000010300,0.000012100,0.016100000,0.000000508,0.000000000
RHS80X40X4,6.90,0.0800,0.0400,0.0040,0.000879000,0.000000682,0.000017100,0.000021800,0.027900000,0.000000222,0.000011100,0.000013200,0.015900000,0.000000552,0.000000000
RHS80X40X5,8.42,0.0800,0.0400,0.0050,0.001070000,0.000000803,0.000020100,0.000026100,0.027400000,0.000000257,0.000012900,0.000015700,0.015500000,0.000000651,0.000000000
RHS80X40X6.3,10.30,0.0800,0.0400,0.0063,0.001310000,0.000000933,0.000023300,0.000031100,0.026700000,0.000000292,0.000014600,0.000018400,0.014900000,0.000000756,0.000000000
RHS80X40X7.1,11.40,0.0800,0.0400,0.0071,0.001450000,0.000000998,0.000025000,0.000033800,0.026300000,0.000000307,0.000015400,0.000019800,0.014600000,0.000000809,0.000000000
RHS80X40X8,12.50,0.0800,0.0400,0.0080,0.001600000,0.000001060,0.000026500,0.000036500,0.025800000,0.000000321,0.000016100,0.000021200,0.014200000,0.000000858,0.000000000
RHS90X50X3,6.24,0.0900,0.0500,0.0030,0.000794000,0.000000844,0.000018800,0.000023200,0.032600000,0.000000335,0.000013400,0.000015300,0.020500000,0.000000765,0.000000000
RHS90X50X3.2,6.63,0.0900,0.0500,0.0032,0.000844000,0.000000891,0.000019800,0.000024600,0.032500000,0.000000353,0.000014100,0.000016200,0.020400000,0.000000809,0.000000000
RHS90X50X3.6,7.40,0.0900,0.0500,0.0036,0.000942000,0.000000983,0.000021800,0.000027200,0.032300000,0.000000387,0.000015500,0.000018000,0.020300000,0.000000894,0.000000000
RHS90X50X4,8.15,0.0900,0.0500,0.0040,0.001040000,0.000001070,0.000023800,0.000029800,0.032100000,0.000000419,0.000016800,0.000019600,0.020100000,0.000000975,0.000000000
RHS90X50X5,9.99,0.0900,0.0500,0.0050,0.001270000,0.000001270,0.000028300,0.000036000,0.031600000,0.000000492,0.000019700,0.000023500,0.019700000,0.000001160,0.000000000
RHS90X50X6.3,12.30,0.0900,0.0500,0.0063,0.001560000,0.000001500,0.000033300,0.000043200,0.031000000,0.000000570,0.000022800,0.000028000,0.019100000,0.000001380,0.000000000
RHS90X50X7.1,13.60,0.0900,0.0500,0.0071,0.001730000,0.000001620,0.000036000,0.000047200,0.030600000,0.000000609,0.000024400,0.000030500,0.018800000,0.000001490,0.000000000
RHS90X50X8,15.00,0.0900,0.0500,0.0080,0.001920000,0.000001740,0.000038600,0.000051400,0.030100000,0.000000646,0.000025800,0.000032900,0.018400000,0.000001600,0.000000000
RHS100X50X3,6.71,0.1000,0.0500,0.0030,0.000854000,0.000001100,0.000021900,0.000027300,0.035800000,0.000000368,0.000014700,0.000016800,0.020800000,0.000000884,0.000000000
RHS100X50X3.2,7.13,0.1000,0.0500,0.0032,0.000908000,0.000001160,0.000023200,0.000028900,0.035700000,0.000000388,0.000015500,0.000017700,0.020700000,0.000000934,0.000000000
RHS100X50X3.6,7.96,0.1000,0.0500,0.0036,0.001010000,0.000001280,0.000025600,0.000032100,0.035500000,0.000000426,0.000017000,0.000019600,0.020500000,0.000001030,0.000000000
RHS100X50X4,8.78,0.1000,0.0500,0.0040,0.001120000,0.000001400,0.000027900,0.000035200,0.035300000,0.000000462,0.000018500,0.000021500,0.020300000,0.000001130,0.000000000
RHS100X50X5,10.80,0.1000,0.0500,0.0050,0.001370000,0.000001670,0.000033300,0.000042600,0.034800000,0.000000543,0.000021700,0.000025800,0.019900000,0.000001350,0.000000000
RHS100X50X6.3,13.30,0.1000,0.0500,0.0063,0.001690000,0.000001970,0.000039400,0.000051300,0.034200000,0.000000630,0.000025200,0.000030800,0.019300000,0.000001600,0.000000000
RHS100X50X7.1,14.70,0.1000,0.0500,0.0071,0.001870000,0.000002140,0.000042700,0.000056300,0.033800000,0.000000675,0.000027000,0.000033500,0.019000000,0.000001730,0.000000000
RHS100X50X8,16.30,0.1000,0.0500,0.0080,0.002080000,0.000002300,0.000046000,0.000061400,0.033300000,0.000000717,0.000028700,0.000036300,0.018600000,0.000001860,0.000000000
RHS100X50X8.8,17.60,0.1000,0.0500,0.0088,0.002250000,0.000002430,0.000048500,0.000065600,0.032900000,0.000000748,0.000029900,0.000038500,0.018200000,0.000001970,0.000000000
RHS100X50X10,19.60,0.1000,0.0500,0.0100,0.002490000,0.000002590,0.000051800,0.000071200,0.032200000,0.000000784,0.000031400,0.000041400,0.017700000,0.000002090,0.000000000
RHS100X60X3,7.18,0.1000,0.0600,0.0030,0.000914000,0.000001240,0.000024700,0.000030200,0.036800000,0.000000557,0.000018600,0.000021200,0.024700000,0.000001210,0.000000000
RHS100X60X3.2,7.63,0.1000,0.0600,0.0032,0.000972000,0.000001310,0.000026200,0.000032000,0.036700000,0.000000588,0.000019600,0.000022400,0.024600000,0.000001290,0.000000000
RHS100X60X3.6,8.53,0.1000,0.0600,0.0036,0.001090000,0.000001450,0.000028900,0.000035600,0.036500000,0.000000648,0.000021600,0.000024900,0.024400000,0.000001420,0.000000000
RHS100X60X4,9.41,0.1000,0.0600,0.0040,0.001200000,0.000001580,0.000031600,0.000039100,0.036300000,0.000000705,0.000023500,0.000027300,0.024300000,0.000001560,0.000000000
RHS100X60X5,11.60,0.1000,0.0600,0.0050,0.001470000,0.000001890,0.000037800,0.000047400,0.035800000,0.000000836,0.000027900,0.000032900,0.023800000,0.000001880,0.000000000
RHS100X60X6.3,14.20,0.1000,0.0600,0.0063,0.001810000,0.000002250,0.000045000,0.000057300,0.035200000,0.000000981,0.000032700,0.000039500,0.023300000,0.000002240,0.000000000
RHS100X60X7.1,15.80,0.1000,0.0600,0.0071,0.002020000,0.000002440,0.000048800,0.000062900,0.034800000,0.000001060,0.000035300,0.000043200,0.022900000,0.000002450,0.000000000
RHS100X60X8,17.50,0.1000,0.0600,0.0080,0.002240000,0.000002640,0.000052800,0.000068700,0.034400000,0.000001130,0.000037800,0.000047100,0.022500000,0.000002650,0.000000000
RHS100X60X8.8,19.00,0.1000,0.0600,0.0088,0.002420000,0.000002790,0.000055900,0.000073600,0.034000000,0.000001190,0.000039700,0.000050200,0.022200000,0.000002820,0.000000000
RHS100X60X10,21.10,0.1000,0.0600,0.0100,0.002690000,0.000002990,0.000059900,0.000080200,0.033300000,0.000001260,0.000042100,0.000054400,0.021600000,0.000003040,0.000000000
RHS120X60X3,8.12,0.1200,0.0600,0.0030,0.001030000,0.000001940,0.000032300,0.000040000,0.043300000,0.000000655,0.000021800,0.000024600,0.025200000,0.000001560,0.000000000
RHS120X60X3.2,8.64,0.1200,0.0600,0.0032,0.001100000,0.000002050,0.000034200,0.000042400,0.043200000,0.000000692,0.000023100,0.000026100,0.025100000,0.000001650,0.000000000
RHS120X60X3.6,9.66,0.1200,0.0600,0.0036,0.001230000,0.000002270,0.000037900,0.000047200,0.043000000,0.000000763,0.000025400,0.000028900,0.024900000,0.000001830,0.000000000
RHS120X60X4,10.70,0.1200,0.0600,0.0040,0.001360000,0.000002490,0.000041500,0.000051900,0.042800000,0.000000831,0.000027700,0.000031700,0.024700000,0.000002010,0.000000000
RHS120X60X5,13.10,0.1200,0.0600,0.0050,0.001670000,0.000002990,0.000049900,0.000063100,0.042300000,0.000000988,0.000032900,0.000038400,0.024300000,0.000002420,0.000000000
RHS120X60X6.3,16.20,0.1200,0.0600,0.0063,0.002070000,0.000003580,0.000059700,0.000076700,0.041600000,0.000001160,0.000038800,0.000046300,0.023700000,0.000002900,0.000000000
RHS120X60X7.1,18.10,0.1200,0.0600,0.0071,0.002300000,0.000003910,0.000065200,0.000084400,0.041200000,0.000001260,0.000041900,0.000050800,0.023400000,0.000003170,0.000000000
RHS120X60X8,20.10,0.1200,0.0600,0.0080,0.002560000,0.000004250,0.000070800,0.000092700,0.040800000,0.000001350,0.000045000,0.000055400,0.023000000,0.000003440,0.000000000
RHS120X60X8.8,21.80,0.1200,0.0600,0.0088,0.002780000,0.000004520,0.000075300,0.000099600,0.040400000,0.000001420,0.000047500,0.000059200,0.022700000,0.000003660,0.000000000
RHS120X60X10,24.30,0.1200,0.0600,0.0100,0.003090000,0.000004880,0.000081400,0.000109000,0.039700000,0.000001520,0.000050500,0.000064400,0.022100000,0.000003960,0.000000000
RHS120X60X12.5,29.10,0.1200,0.0600,0.0125,0.003710000,0.000005460,0.000091100,0.000126000,0.038400000,0.000001650,0.000054900,0.000073100,0.021100000,0.000004420,0.000000000
RHS120X80X3.6,10.80,0.1200,0.0800,0.0036,0.001370000,0.000002760,0.000046000,0.000055600,0.044800000,0.000001470,0.000036700,0.000042000,0.032700000,0.000003010,0.000000000
RHS120X80X4,11.90,0.1200,0.0800,0.0040,0.001520000,0.000003030,0.000050400,0.000061200,0.044600000,0.000001610,0.000040200,0.000046100,0.032500000,0.000003300,0.000000000
RHS120X80X5,14.70,0.1200,0.0800,0.0050,0.001870000,0.000003650,0.000060900,0.000074600,0.044200000,0.000001930,0.000048200,0.000056100,0.032100000,0.000004010,0.000000000
RHS120X80X6.3,18.20,0.1200,0.0800,0.0063,0.002320000,0.000004400,0.000073300,0.000091000,0.043600000,0.000002300,0.000057600,0.000068200,0.031500000,0.000004870,0.000000000
RHS120X80X7.1,20.30,0.1200,0.0800,0.0071,0.002580000,0.000004820,0.000080300,0.000100000,0.043200000,0.000002510,0.000062800,0.000075200,0.031200000,0.000005350,0.000000000
RHS120X80X8,22.60,0.1200,0.0800,0.0080,0.002880000,0.000005250,0.000087500,0.000111000,0.042700000,0.000002730,0.000068100,0.000082600,0.030800000,0.000005870,0.000000000
RHS120X80X8.8,24.50,0.1200,0.0800,0.0088,0.003130000,0.000005610,0.000093500,0.000119000,0.042400000,0.000002900,0.000072400,0.000088700,0.030400000,0.000006290,0.000000000
RHS120X80X10,27.40,0.1200,0.0800,0.0100,0.003490000,0.000006090,0.000102000,0.000131000,0.041800000,0.000003130,0.000078100,0.000097300,0.029900000,0.000006880,0.000000000
RHS120X80X12.5,33.00,0.1200,0.0800,0.0125,0.004210000,0.000006920,0.000115000,0.000153000,0.040500000,0.000003490,0.000087400,0.000113000,0.028800000,0.000007890,0.000000000
RHS150X100X4,15.10,0.1500,0.1000,0.0040,0.001920000,0.000006070,0.000081000,0.000097400,0.056300000,0.000003240,0.000064800,0.000073600,0.041100000,0.000006600,0.000000000
RHS150X100X5,18.60,0.1500,0.1000,0.0050,0.002370000,0.000007390,0.000098500,0.000119000,0.055800000,0.000003920,0.000078500,0.000090100,0.040700000,0.000008070,0.000000000
RHS150X100X6.3,23.10,0.1500,0.1000,0.0063,0.002950000,0.000008980,0.000120000,0.000147000,0.055200000,0.000004740,0.000094800,0.000110000,0.040100000,0.000009860,0.000000000
RHS150X100X7.1,25.90,0.1500,0.1000,0.0071,0.003290000,0.000009900,0.000132000,0.000163000,0.054800000,0.000005200,0.000104000,0.000122000,0.039700000,0.000010900,0.000000000
RHS150X100X8,28.90,0.1500,0.1000,0.0080,0.003680000,0.000010900,0.000145000,0.000180000,0.054400000,0.000005690,0.000114000,0.000135000,0.039400000,0.000012000,0.000000000
RHS150X100X8.8,31.50,0.1500,0.1000,0.0088,0.004010000,0.000011700,0.000156000,0.000195000,0.054000000,0.000006100,0.000122000,0.000146000,0.039000000,0.000013000,0.000000000
RHS150X100X10,35.30,0.1500,0.1000,0.0100,0.004490000,0.000012800,0.000171000,0.000216000,0.053400000,0.000006650,0.000133000,0.000161000,0.038500000,0.000014300,0.000000000
RHS150X100X12.5,42.80,0.1500,0.1000,0.0125,0.005460000,0.000014900,0.000198000,0.000256000,0.052200000,0.000007630,0.000153000,0.000190000,0.037400000,0.000016800,0.000000000
RHS160X80X4,14.40,0.1600,0.0800,0.0040,0.001840000,0.000006120,0.000076500,0.000094700,0.057700000,0.000002070,0.000051700,0.000058300,0.033500000,0.000004930,0.000000000
RHS160X80X5,17.80,0.1600,0.0800,0.0050,0.002270000,0.000007440,0.000093000,0.000116000,0.057200000,0.000002490,0.000062300,0.000071100,0.033100000,0.000006000,0.000000000
RHS160X80X6.3,22.20,0.1600,0.0800,0.0063,0.002820000,0.000009030,0.000113000,0.000142000,0.056600000,0.000002990,0.000074800,0.000086800,0.032600000,0.000007300,0.000000000
RHS160X80X7.1,24.70,0.1600,0.0800,0.0071,0.003150000,0.000009940,0.000124000,0.000158000,0.056200000,0.000003270,0.000081700,0.000095900,0.032200000,0.000008040,0.000000000
RHS160X80X8,27.60,0.1600,0.0800,0.0080,0.003520000,0.000010900,0.000136000,0.000175000,0.055700000,0.000003560,0.000089000,0.000106000,0.031800000,0.000008830,0.000000000
RHS160X80X8.8,30.10,0.1600,0.0800,0.0088,0.003830000,0.000011700,0.000147000,0.000189000,0.055300000,0.000003790,0.000094900,0.000114000,0.031500000,0.000009490,0.000000000
RHS160X80X10,33.70,0.1600,0.0800,0.0100,0.004290000,0.000012800,0.000161000,0.000209000,0.054700000,0.000004110,0.000103000,0.000125000,0.031000000,0.000010400,0.000000000
RHS160X80X12.5,40.90,0.1600,0.0800,0.0125,0.005210000,0.000014900,0.000186000,0.000247000,0.053400000,0.000004650,0.000116000,0.000146000,0.029900000,0.000012000,0.000000000
RHS180X60X4,14.40,0.1800,0.0600,0.0040,0.001840000,0.000006970,0.000077400,0.000099800,0.061600000,0.000001210,0.000040300,0.000045200,0.025600000,0.000003410,0.000000000
RHS180X60X5,17.80,0.1800,0.0600,0.0050,0.002270000,0.000008460,0.000094000,0.000122000,0.061000000,0.000001440,0.000048100,0.000054900,0.025200000,0.000004110,0.000000000
RHS180X60X6.3,22.20,0.1800,0.0600,0.0063,0.002820000,0.000010300,0.000114000,0.000150000,0.060300000,0.000001710,0.000057000,0.000066600,0.024600000,0.000004950,0.000000000
RHS180X60X7.1,24.70,0.1800,0.0600,0.0071,0.003150000,0.000011300,0.000126000,0.000166000,0.059900000,0.000001860,0.000061900,0.000073300,0.024300000,0.000005420,0.000000000
RHS180X60X8,27.60,0.1800,0.0600,0.0080,0.003520000,0.000012400,0.000138000,0.000184000,0.059400000,0.000002010,0.000066900,0.000080400,0.023900000,0.000005900,0.000000000
RHS180X60X8.8,30.10,0.1800,0.0600,0.0088,0.003830000,0.000013300,0.000148000,0.000199000,0.058900000,0.000002120,0.000070800,0.000086200,0.023500000,0.000006300,0.000000000
RHS180X60X10,33.70,0.1800,0.0600,0.0100,0.004290000,0.000014600,0.000162000,0.000220000,0.058300000,0.000002280,0.000075800,0.000094400,0.023000000,0.000006830,0.000000000
RHS180X60X12.5,40.90,0.1800,0.0600,0.0125,0.005210000,0.000016800,0.000187000,0.000260000,0.056800000,0.000002510,0.000083700,0.000109000,0.022000000,0.000007700,0.000000000
RHS180X100X4,16.90,0.1800,0.1000,0.0040,0.002160000,0.000009450,0.000105000,0.000128000,0.066100000,0.000003790,0.000075900,0.000085200,0.041900000,0.000008520,0.000000000
RHS180X100X5,21.00,0.1800,0.1000,0.0050,0.002670000,0.000011500,0.000128000,0.000157000,0.065700000,0.000004600,0.000092000,0.000104000,0.041500000,0.000010400,0.000000000
RHS180X100X6.3,26.10,0.1800,0.1000,0.0063,0.003330000,0.000014100,0.000156000,0.000194000,0.065000000,0.000005570,0.000111000,0.000128000,0.040900000,0.000012800,0.000000000
RHS180X100X7.1,29.20,0.1800,0.1000,0.0071,0.003720000,0.000015600,0.000173000,0.000215000,0.064700000,0.000006130,0.000123000,0.000142000,0.040600000,0.000014100,0.000000000
RHS180X100X8,32.60,0.1800,0.1000,0.0080,0.004160000,0.000017100,0.000190000,0.000239000,0.064200000,0.000006710,0.000134000,0.000157000,0.040200000,0.000015600,0.000000000
RHS180X100X8.8,35.60,0.1800,0.1000,0.0088,0.004540000,0.000018500,0.000205000,0.000259000,0.063800000,0.000007200,0.000144000,0.000170000,0.039800000,0.000016900,0.000000000
RHS180X100X10,40.00,0.1800,0.1000,0.0100,0.005090000,0.000020400,0.000226000,0.000288000,0.063200000,0.000007870,0.000157000,0.000188000,0.039300000,0.000018600,0.000000000
RHS180X100X12.5,48.70,0.1800,0.1000,0.0125,0.006210000,0.000023900,0.000265000,0.000344000,0.062000000,0.000009080,0.000182000,0.000223000,0.038200000,0.000021900,0.000000000
RHS200X100X4,18.20,0.2000,0.1000,0.0040,0.002320000,0.000012200,0.000122000,0.000150000,0.072600000,0.000004160,0.000083200,0.000092800,0.042400000,0.000009830,0.000000000
RHS200X100X5,22.60,0.2000,0.1000,0.0050,0.002870000,0.000015000,0.000149000,0.000185000,0.072100000,0.000005050,0.000101000,0.000114000,0.041900000,0.000012000,0.000000000
RHS200X100X6.3,28.10,0.2000,0.1000,0.0063,0.003580000,0.000018300,0.000183000,0.000228000,0.071500000,0.000006130,0.000123000,0.000140000,0.041400000,0.000014800,0.000000000
RHS200X100X7.1,31.40,0.2000,0.1000,0.0071,0.004000000,0.000020200,0.000202000,0.000254000,0.071100000,0.000006740,0.000135000,0.000155000,0.041000000,0.000016300,0.000000000
RHS200X100X8,35.10,0.2000,0.1000,0.0080,0.004480000,0.000022300,0.000223000,0.000282000,0.070600000,0.000007390,0.000148000,0.000172000,0.040600000,0.000018000,0.000000000
RHS200X100X8.8,38.40,0.2000,0.1000,0.0088,0.004890000,0.000024100,0.000241000,0.000306000,0.070200000,0.000007930,0.000159000,0.000186000,0.040300000,0.000019500,0.000000000
RHS200X100X10,43.10,0.2000,0.1000,0.0100,0.005490000,0.000026600,0.000266000,0.000341000,0.069600000,0.000008690,0.000174000,0.000206000,0.039800000,0.000021600,0.000000000
RHS200X100X12.5,52.70,0.2000,0.1000,0.0125,0.006710000,0.000031400,0.000314000,0.000408000,0.068400000,0.000010000,0.000201000,0.000245000,0.038700000,0.000025400,0.000000000
RHS200X100X14.2,58.90,0.2000,0.1000,0.0142,0.007500000,0.000034200,0.000342000,0.000450000,0.067500000,0.000010800,0.000216000,0.000268000,0.038000000,0.000027700,0.000000000
RHS200X100X16,65.20,0.2000,0.1000,0.0160,0.008300000,0.000036800,0.000368000,0.000491000,0.066600000,0.000011500,0.000229000,0.000290000,0.037200000,0.000029800,0.000000000
RHS200X120X5,24.10,0.2000,0.1200,0.0050,0.003070000,0.000016900,0.000168000,0.000205000,0.074000000,0.000007620,0.000127000,0.000144000,0.049800000,0.000016500,0.000000000
RHS200X120X6.3,30.10,0.2000,0.1200,0.0063,0.003830000,0.000020700,0.000207000,0.000253000,0.073400000,0.000009290,0.000155000,0.000177000,0.049200000,0.000020300,0.000000000
RHS200X120X7.1,33.70,0.2000,0.1200,0.0071,0.004290000,0.000022900,0.000229000,0.000281000,0.073000000,0.000010300,0.000171000,0.000197000,0.048900000,0.000022500,0.000000000
RHS200X120X8,37.60,0.2000,0.1200,0.0080,0.004800000,0.000025300,0.000253000,0.000313000,0.072600000,0.000011300,0.000188000,0.000218000,0.048500000,0.000025000,0.000000000
RHS200X120X8.8,41.10,0.2000,0.1200,0.0088,0.005240000,0.000027300,0.000273000,0.000340000,0.072200000,0.000012200,0.000203000,0.000237000,0.048200000,0.000027000,0.000000000
RHS200X120X10,46.30,0.2000,0.1200,0.0100,0.005890000,0.000030300,0.000303000,0.000379000,0.071700000,0.000013400,0.000223000,0.000263000,0.047600000,0.000030000,0.000000000
RHS200X120X12.5,56.60,0.2000,0.1200,0.0125,0.007210000,0.000035800,0.000358000,0.000455000,0.070400000,0.000015600,0.000260000,0.000314000,0.046600000,0.000035700,0.000000000
RHS200X120X14.2,63.30,0.2000,0.1200,0.0142,0.008070000,0.000039100,0.000391000,0.000503000,0.069600000,0.000016900,0.000282000,0.000346000,0.045800000,0.000039200,0.000000000
RHS200X120X16,70.20,0.2000,0.1200,0.0160,0.008940000,0.000042200,0.000422000,0.000550000,0.068700000,0.000018100,0.000302000,0.000377000,0.045000000,0.000042500,0.000000000
RHS200X150X5,26.50,0.2000,0.1500,0.0050,0.003370000,0.000019700,0.000197000,0.000234000,0.076400000,0.000012700,0.000169000,0.000192000,0.061200000,0.000023900,0.000000000
RHS200X150X6.3,33.00,0.2000,0.1500,0.0063,0.004210000,0.000024200,0.000242000,0.000289000,0.075800000,0.000015500,0.000207000,0.000237000,0.060700000,0.000029500,0.000000000
RHS200X150X7.1,37.00,0.2000,0.1500,0.0071,0.004710000,0.000026900,0.000268000,0.000322000,0.075500000,0.000017200,0.000229000,0.000264000,0.060300000,0.000032800,0.000000000
RHS200X150X8,41.40,0.2000,0.1500,0.0080,0.005280000,0.000029700,0.000297000,0.000359000,0.075000000,0.000018900,0.000253000,0.000294000,0.059900000,0.000036400,0.000000000
RHS200X150X8.8,45.30,0.2000,0.1500,0.0088,0.005770000,0.000032200,0.000322000,0.000390000,0.074700000,0.000020500,0.000273000,0.000319000,0.059600000,0.000039600,0.000000000
RHS200X150X10,51.00,0.2000,0.1500,0.0100,0.006490000,0.000035700,0.000357000,0.000436000,0.074100000,0.000022600,0.000302000,0.000356000,0.059100000,0.000044100,0.000000000
RHS200X150X12.5,62.50,0.2000,0.1500,0.0125,0.007960000,0.000042400,0.000424000,0.000525000,0.073000000,0.000026700,0.000356000,0.000428000,0.058000000,0.000052900,0.000000000
RHS200X150X14.2,70.00,0.2000,0.1500,0.0142,0.008920000,0.000046400,0.000464000,0.000582000,0.072200000,0.000029200,0.000389000,0.000473000,0.057200000,0.000058300,0.000000000
RHS200X150X16,77.70,0.2000,0.1500,0.0160,0.009900000,0.000050400,0.000504000,0.000638000,0.071300000,0.000031500,0.000420000,0.000518000,0.056400000,0.000063700,0.000000000
RHS220X120X5,25.70,0.2200,0.1200,0.0050,0.003270000,0.000021300,0.000193000,0.000236000,0.080600000,0.000008290,0.000138000,0.000155000,0.050300000,0.000018800,0.000000000
RHS220X120X6.3,32.00,0.2200,0.1200,0.0063,0.004080000,0.000026100,0.000237000,0.000292000,0.080000000,0.000010100,0.000168000,0.000191000,0.049800000,0.000023200,0.000000000
RHS220X120X7.1,35.90,0.2200,0.1200,0.0071,0.004570000,0.000029000,0.000263000,0.000326000,0.079600000,0.000011200,0.000186000,0.000213000,0.049400000,0.000025700,0.000000000
RHS220X120X8,40.20,0.2200,0.1200,0.0080,0.005120000,0.000032000,0.000291000,0.000362000,0.079100000,0.000012300,0.000205000,0.000236000,0.049000000,0.000028500,0.000000000
RHS220X120X8.8,43.90,0.2200,0.1200,0.0088,0.005590000,0.000034700,0.000315000,0.000394000,0.078700000,0.000013200,0.000221000,0.000256000,0.048700000,0.000030900,0.000000000
RHS220X120X10,49.40,0.2200,0.1200,0.0100,0.006290000,0.000038400,0.000349000,0.000440000,0.078200000,0.000014600,0.000243000,0.000285000,0.048100000,0.000034300,0.000000000
RHS220X120X12.5,60.50,0.2200,0.1200,0.0125,0.007710000,0.000045600,0.000415000,0.000530000,0.076900000,0.000017100,0.000285000,0.000341000,0.047100000,0.000040900,0.000000000
RHS220X120X14.2,67.80,0.2200,0.1200,0.0142,0.008630000,0.000050000,0.000454000,0.000586000,0.076100000,0.000018500,0.000309000,0.000376000,0.046300000,0.000044900,0.000000000
RHS220X120X16,75.20,0.2200,0.1200,0.0160,0.009580000,0.000054100,0.000492000,0.000643000,0.075200000,0.000019900,0.000331000,0.000410000,0.045500000,0.000048700,0.000000000
RHS250X100X5,26.50,0.2500,0.1000,0.0050,0.003370000,0.000026100,0.000209000,0.000263000,0.088000000,0.000006180,0.000124000,0.000138000,0.042800000,0.000016200,0.000000000
RHS250X100X6.3,33.00,0.2500,0.1000,0.0063,0.004210000,0.000032100,0.000257000,0.000326000,0.087300000,0.000007510,0.000150000,0.000169000,0.042200000,0.000019800,0.000000000
RHS250X100X7.1,37.00,0.2500,0.1000,0.0071,0.004710000,0.000035600,0.000285000,0.000363000,0.086900000,0.000008270,0.000165000,0.000188000,0.041900000,0.000022000,0.000000000
RHS250X100X8,41.40,0.2500,0.1000,0.0080,0.005280000,0.000039400,0.000315000,0.000404000,0.086400000,0.000009090,0.000182000,0.000209000,0.041500000,0.000024300,0.000000000
RHS250X100X8.8,45.30,0.2500,0.1000,0.0088,0.005770000,0.000042700,0.000341000,0.000439000,0.086000000,0.000009770,0.000195000,0.000226000,0.041200000,0.000026300,0.000000000
RHS250X100X10,51.00,0.2500,0.1000,0.0100,0.006490000,0.000047300,0.000379000,0.000491000,0.085400000,0.000010700,0.000214000,0.000251000,0.040600000,0.000029100,0.000000000
RHS250X100X12.5,62.50,0.2500,0.1000,0.0125,0.007960000,0.000056200,0.000450000,0.000592000,0.084100000,0.000012500,0.000249000,0.000299000,0.039600000,0.000034400,0.000000000
RHS250X100X14.2,70.00,0.2500,0.1000,0.0142,0.008920000,0.000061700,0.000493000,0.000655000,0.083100000,0.000013400,0.000269000,0.000329000,0.038800000,0.000037500,0.000000000
RHS250X100X16,77.70,0.2500,0.1000,0.0160,0.009900000,0.000066900,0.000535000,0.000719000,0.082200000,0.000014300,0.000287000,0.000358000,0.038000000,0.000040500,0.000000000
RHS250X150X5,30.40,0.2500,0.1500,0.0050,0.003870000,0.000033600,0.000269000,0.000324000,0.093100000,0.000015300,0.000204000,0.000228000,0.062800000,0.000032800,0.000000000
RHS250X150X6.3,38.00,0.2500,0.1500,0.0063,0.004840000,0.000041400,0.000331000,0.000402000,0.092500000,0.000018700,0.000250000,0.000283000,0.062200000,0.000040500,0.000000000
RHS250X150X7.1,42.60,0.2500,0.1500,0.0071,0.005420000,0.000046100,0.000368000,0.000449000,0.092200000,0.000020800,0.000277000,0.000315000,0.061900000,0.000045200,0.000000000
RHS250X150X8,47.70,0.2500,0.1500,0.0080,0.006080000,0.000051100,0.000409000,0.000501000,0.091700000,0.000023000,0.000306000,0.000350000,0.061500000,0.000050200,0.000000000
RHS250X150X8.8,52.20,0.2500,0.1500,0.0088,0.006650000,0.000055500,0.000444000,0.000545000,0.091300000,0.000024900,0.000331000,0.000381000,0.061200000,0.000054600,0.000000000
RHS250X150X10,58.80,0.2500,0.1500,0.0100,0.007490000,0.000061700,0.000494000,0.000611000,0.090800000,0.000027600,0.000367000,0.000426000,0.060600000,0.000060900,0.000000000
RHS250X150X12.5,72.30,0.2500,0.1500,0.0125,0.009210000,0.000073900,0.000591000,0.000740000,0.089600000,0.000032700,0.000435000,0.000514000,0.059600000,0.000073300,0.000000000
RHS250X150X14.2,81.10,0.2500,0.1500,0.0142,0.010300000,0.000081400,0.000651000,0.000823000,0.088700000,0.000035800,0.000477000,0.000570000,0.058800000,0.000081000,0.000000000
RHS250X150X16,90.30,0.2500,0.1500,0.0160,0.011500000,0.000088800,0.000710000,0.000906000,0.087900000,0.000038700,0.000516000,0.000625000,0.058000000,0.000088700,0.000000000
RHS260X140X5,30.40,0.2600,0.1400,0.0050,0.003870000,0.000035300,0.000272000,0.000331000,0.095500000,0.000013500,0.000193000,0.000216000,0.059100000,0.000030800,0.000000000
RHS260X140X6.3,38.00,0.2600,0.1400,0.0063,0.004840000,0.000043600,0.000335000,0.000411000,0.094900000,0.000016600,0.000237000,0.000267000,0.058600000,0.000038000,0.000000000
RHS260X140X7.1,42.60,0.2600,0.1400,0.0071,0.005420000,0.000048400,0.000372000,0.000459000,0.094500000,0.000018400,0.000263000,0.000298000,0.058200000,0.000042300,0.000000000
RHS260X140X8,47.70,0.2600,0.1400,0.0080,0.006080000,0.000053700,0.000413000,0.000511000,0.094000000,0.000020300,0.000290000,0.000331000,0.057800000,0.000047000,0.000000000
RHS260X140X8.8,52.20,0.2600,0.1400,0.0088,0.006650000,0.000058300,0.000449000,0.000557000,0.093700000,0.000022000,0.000314000,0.000360000,0.057500000,0.000051100,0.000000000
RHS260X140X10,58.80,0.2600,0.1400,0.0100,0.007490000,0.000064900,0.000499000,0.000624000,0.093100000,0.000024300,0.000347000,0.000402000,0.057000000,0.000057000,0.000000000
RHS260X140X12.5,72.30,0.2600,0.1400,0.0125,0.009210000,0.000077700,0.000597000,0.000756000,0.091800000,0.000028800,0.000411000,0.000485000,0.055900000,0.000068400,0.000000000
RHS260X140X14.2,81.10,0.2600,0.1400,0.0142,0.010300000,0.000085600,0.000658000,0.000840000,0.091000000,0.000031400,0.000449000,0.000537000,0.055200000,0.000075600,0.000000000
RHS260X140X16,90.30,0.2600,0.1400,0.0160,0.011500000,0.000093400,0.000718000,0.000925000,0.090100000,0.000034000,0.000486000,0.000588000,0.054400000,0.000082600,0.000000000
RHS300X100X5,30.40,0.3000,0.1000,0.0050,0.003870000,0.000041500,0.000276000,0.000354000,0.103000000,0.000007310,0.000146000,0.000161000,0.043400000,0.000020400,0.000000000
RHS300X100X6.3,38.00,0.3000,0.1000,0.0063,0.004840000,0.000051100,0.000341000,0.000439000,0.103000000,0.000008900,0.000178000,0.000199000,0.042900000,0.000025000,0.000000000
RHS300X100X7.1,42.60,0.3000,0.1000,0.0071,0.005420000,0.000056800,0.000379000,0.000490000,0.102000000,0.000009810,0.000196000,0.000221000,0.042500000,0.000027800,0.000000000
RHS300X100X8,47.70,0.3000,0.1000,0.0080,0.006080000,0.000063100,0.000420000,0.000546000,0.102000000,0.000010800,0.000216000,0.000245000,0.042100000,0.000030700,0.000000000
RHS300X100X8.8,52.20,0.3000,0.1000,0.0088,0.006650000,0.000068400,0.000456000,0.000594000,0.101000000,0.000011600,0.000232000,0.000266000,0.041800000,0.000033200,0.000000000
RHS300X100X10,58.80,0.3000,0.1000,0.0100,0.007490000,0.000076100,0.000508000,0.000666000,0.101000000,0.000012800,0.000255000,0.000296000,0.041300000,0.000036800,0.000000000
RHS300X100X12.5,72.30,0.3000,0.1000,0.0125,0.009210000,0.000091000,0.000607000,0.000806000,0.099400000,0.000014900,0.000297000,0.000354000,0.040200000,0.000043500,0.000000000
RHS300X100X14.2,81.10,0.3000,0.1000,0.0142,0.010300000,0.000100000,0.000669000,0.000896000,0.098500000,0.000016100,0.000321000,0.000390000,0.039400000,0.000047600,0.000000000
RHS300X100X16,90.30,0.3000,0.1000,0.0160,0.011500000,0.000109000,0.000729000,0.000986000,0.097500000,0.000017200,0.000344000,0.000425000,0.038700000,0.000051400,0.000000000
RHS300X150X8,54.00,0.3000,0.1500,0.0080,0.006880000,0.000080100,0.000534000,0.000663000,0.108000000,0.000027000,0.000360000,0.000407000,0.062700000,0.000064500,0.000000000
RHS300X150X8.8,59.10,0.3000,0.1500,0.0088,0.007530000,0.000087100,0.000580000,0.000723000,0.108000000,0.000029300,0.000390000,0.000443000,0.062300000,0.000070200,0.000000000
RHS300X150X10,66.70,0.3000,0.1500,0.0100,0.008490000,0.000097200,0.000648000,0.000811000,0.107000000,0.000032500,0.000433000,0.000496000,0.061800000,0.000078400,0.000000000
RHS300X150X12.5,82.10,0.3000,0.1500,0.0125,0.010500000,0.000117000,0.000779000,0.000986000,0.106000000,0.000038600,0.000514000,0.000600000,0.060700000,0.000094500,0.000000000
RHS300X150X14.2,92.30,0.3000,0.1500,0.0142,0.011800000,0.000129000,0.000862000,0.001100000,0.105000000,0.000042300,0.000564000,0.000666000,0.060000000,0.000105000,0.000000000
RHS300X150X16,103.00,0.3000,0.1500,0.0160,0.013100000,0.000142000,0.000944000,0.001210000,0.104000000,0.000046000,0.000613000,0.000732000,0.059200000,0.000115000,0.000000000
RHS300X200X5,38.30,0.3000,0.2000,0.0050,0.004870000,0.000063200,0.000421000,0.000501000,0.114000000,0.000034000,0.000340000,0.000380000,0.083500000,0.000068200,0.000000000
RHS300X200X6.3,47.90,0.3000,0.2000,0.0063,0.006100000,0.000078300,0.000522000,0.000624000,0.113000000,0.000041900,0.000419000,0.000472000,0.082900000,0.000084800,0.000000000
RHS300X200X7.1,53.70,0.3000,0.2000,0.0071,0.006840000,0.000087300,0.000582000,0.000698000,0.113000000,0.000046700,0.000467000,0.000528000,0.082600000,0.000094700,0.000000000
RHS300X200X8,60.30,0.3000,0.2000,0.0080,0.007680000,0.000097200,0.000648000,0.000779000,0.113000000,0.000051800,0.000518000,0.000589000,0.082200000,0.000106000,0.000000000
RHS300X200X8.8,66.00,0.3000,0.2000,0.0088,0.008410000,0.000106000,0.000705000,0.000851000,0.112000000,0.000056300,0.000563000,0.000643000,0.081800000,0.000115000,0.000000000
RHS300X200X10,74.50,0.3000,0.2000,0.0100,0.009490000,0.000118000,0.000788000,0.000956000,0.112000000,0.000062800,0.000628000,0.000721000,0.081300000,0.000129000,0.000000000
RHS300X200X12.5,91.90,0.3000,0.2000,0.0125,0.011700000,0.000143000,0.000952000,0.001170000,0.110000000,0.000075400,0.000754000,0.000877000,0.080200000,0.000157000,0.000000000
RHS300X200X14.2,103.00,0.3000,0.2000,0.0142,0.013200000,0.000158000,0.001060000,0.001300000,0.110000000,0.000083300,0.000833000,0.000978000,0.079500000,0.000175000,0.000000000
RHS300X200X16,115.00,0.3000,0.2000,0.0160,0.014700000,0.000174000,0.001160000,0.001440000,0.109000000,0.000091100,0.000911000,0.001080000,0.078700000,0.000193000,0.000000000
RHS300X250X5,42.20,0.3000,0.2500,0.0050,0.005370000,0.000074100,0.000494000,0.000575000,0.117000000,0.000056100,0.000449000,0.000508000,0.102000000,0.000097700,0.000000000
RHS300X250X6.3,52.80,0.3000,0.2500,0.0063,0.006730000,0.000091900,0.000613000,0.000716000,0.117000000,0.000069500,0.000556000,0.000633000,0.102000000,0.000122000,0.000000000
RHS300X250X7.1,59.30,0.3000,0.2500,0.0071,0.007550000,0.000103000,0.000683000,0.000802000,0.116000000,0.000077500,0.000620000,0.000708000,0.101000000,0.000136000,0.000000000
RHS300X250X8,66.50,0.3000,0.2500,0.0080,0.008480000,0.000114000,0.000761000,0.000896000,0.116000000,0.000086300,0.000690000,0.000791000,0.101000000,0.000152000,0.000000000
RHS300X250X8.8,72.90,0.3000,0.2500,0.0088,0.009290000,0.000124000,0.000829000,0.000979000,0.116000000,0.000093900,0.000751000,0.000864000,0.101000000,0.000166000,0.000000000
RHS300X250X10,82.40,0.3000,0.2500,0.0100,0.010500000,0.000139000,0.000928000,0.001100000,0.115000000,0.000105000,0.000840000,0.000971000,0.100000000,0.000186000,0.000000000
RHS300X250X12.5,102.00,0.3000,0.2500,0.0125,0.013000000,0.000169000,0.001120000,0.001350000,0.114000000,0.000127000,0.001010000,0.001190000,0.098900000,0.000227000,0.000000000
RHS300X250X14.2,115.00,0.3000,0.2500,0.0142,0.014600000,0.000187000,0.001250000,0.001510000,0.113000000,0.000141000,0.001130000,0.001330000,0.098200000,0.000254000,0.000000000
RHS300X250X16,128.00,0.3000,0.2500,0.0160,0.016300000,0.000206000,0.001380000,0.001670000,0.112000000,0.000155000,0.001240000,0.001470000,0.097400000,0.000281000,0.000000000
RHS340X100X10,65.10,0.3400,0.1000,0.0100,0.008290000,0.000106000,0.000623000,0.000823000,0.113000000,0.000014400,0.000288000,0.000332000,0.041600000,0.000043000,0.000000000
RHS350X150X5,38.30,0.3500,0.1500,0.0050,0.004870000,0.000076600,0.000437000,0.000543000,0.125000000,0.000020500,0.000274000,0.000301000,0.064900000,0.000051600,0.000000000
RHS350X150X6.3,47.90,0.3500,0.1500,0.0063,0.006100000,0.000094800,0.000542000,0.000676000,0.125000000,0.000025300,0.000337000,0.000373000,0.064300000,0.000063900,0.000000000
RHS350X150X7.1,53.70,0.3500,0.1500,0.0071,0.006840000,0.000106000,0.000604000,0.000756000,0.124000000,0.000028000,0.000374000,0.000416000,0.064000000,0.000071200,0.000000000
RHS350X150X8,60.30,0.3500,0.1500,0.0080,0.007680000,0.000118000,0.000673000,0.000844000,0.124000000,0.000031100,0.000414000,0.000464000,0.063600000,0.000079300,0.000000000
RHS350X150X8.8,66.00,0.3500,0.1500,0.0088,0.008410000,0.000128000,0.000732000,0.000922000,0.123000000,0.000033600,0.000449000,0.000506000,0.063300000,0.000086200,0.000000000
RHS350X150X10,74.50,0.3500,0.1500,0.0100,0.009490000,0.000143000,0.000818000,0.001040000,0.123000000,0.000037400,0.000498000,0.000566000,0.062700000,0.000096300,0.000000000
RHS350X150X12.5,91.90,0.3500,0.1500,0.0125,0.011700000,0.000173000,0.000988000,0.001260000,0.122000000,0.000044500,0.000593000,0.000686000,0.061700000,0.000116000,0.000000000
RHS350X150X14.2,103.00,0.3500,0.1500,0.0142,0.013200000,0.000192000,0.001100000,0.001410000,0.121000000,0.000048900,0.000652000,0.000763000,0.060900000,0.000129000,0.000000000
RHS350X150X16,115.00,0.3500,0.1500,0.0160,0.014700000,0.000211000,0.001210000,0.001560000,0.120000000,0.000053200,0.000709000,0.000840000,0.060100000,0.000141000,0.000000000
RHS350X250X6.3,57.80,0.3500,0.2500,0.0063,0.007360000,0.000132000,0.000754000,0.000892000,0.134000000,0.000078900,0.000631000,0.000709000,0.104000000,0.000152000,0.000000000
RHS350X250X7.1,64.90,0.3500,0.2500,0.0071,0.008260000,0.000147000,0.000843000,0.000999000,0.134000000,0.000088000,0.000704000,0.000794000,0.103000000,0.000170000,0.000000000
RHS350X250X8,72.80,0.3500,0.2500,0.0080,0.009280000,0.000164000,0.000940000,0.001120000,0.133000000,0.000098000,0.000784000,0.000888000,0.103000000,0.000190000,0.000000000
RHS350X250X8.8,79.80,0.3500,0.2500,0.0088,0.010200000,0.000179000,0.001030000,0.001220000,0.133000000,0.000107000,0.000853000,0.000970000,0.102000000,0.000208000,0.000000000
RHS350X250X10,90.20,0.3500,0.2500,0.0100,0.011500000,0.000201000,0.001150000,0.001380000,0.132000000,0.000119000,0.000955000,0.001090000,0.102000000,0.000234000,0.000000000
RHS350X250X12.5,112.00,0.3500,0.2500,0.0125,0.014200000,0.000244000,0.001400000,0.001690000,0.131000000,0.000144000,0.001160000,0.001330000,0.101000000,0.000285000,0.000000000
RHS350X250X14.2,126.00,0.3500,0.2500,0.0142,0.016000000,0.000272000,0.001550000,0.001890000,0.130000000,0.000160000,0.001280000,0.001490000,0.100000000,0.000319000,0.000000000
RHS350X250X16,141.00,0.3500,0.2500,0.0160,0.017900000,0.000300000,0.001720000,0.002100000,0.129000000,0.000177000,0.001410000,0.001660000,0.099300000,0.000353000,0.000000000
RHS400X150X6.3,52.80,0.4000,0.1500,0.0063,0.006730000,0.000133000,0.000663000,0.000836000,0.140000000,0.000028500,0.000380000,0.000418000,0.065100000,0.000076000,0.000000000
RHS400X150X7.1,59.30,0.4000,0.1500,0.0071,0.007550000,0.000148000,0.000740000,0.000936000,0.140000000,0.000031700,0.000422000,0.000467000,0.064700000,0.000084700,0.000000000
RHS400X150X8,66.50,0.4000,0.1500,0.0080,0.008480000,0.000165000,0.000824000,0.001050000,0.139000000,0.000035100,0.000468000,0.000521000,0.064300000,0.000094200,0.000000000
RHS400X150X8.8,72.90,0.4000,0.1500,0.0088,0.009290000,0.000180000,0.000898000,0.001140000,0.139000000,0.000038000,0.000507000,0.000568000,0.064000000,0.000103000,0.000000000
RHS400X150X10,82.40,0.4000,0.1500,0.0100,0.010500000,0.000201000,0.001010000,0.001290000,0.138000000,0.000042300,0.000564000,0.000636000,0.063500000,0.000115000,0.000000000
RHS400X150X12.5,102.00,0.4000,0.1500,0.0125,0.013000000,0.000244000,0.001220000,0.001570000,0.137000000,0.000050400,0.000672000,0.000772000,0.062400000,0.000138000,0.000000000
RHS400X150X14.2,115.00,0.4000,0.1500,0.0142,0.014600000,0.000271000,0.001360000,0.001760000,0.136000000,0.000055500,0.000740000,0.000859000,0.061600000,0.000153000,0.000000000
RHS400X150X16,128.00,0.4000,0.1500,0.0160,0.016300000,0.000298000,0.001490000,0.001950000,0.135000000,0.000060400,0.000805000,0.000947000,0.060900000,0.000168000,0.000000000
RHS400X200X6.3,57.80,0.4000,0.2000,0.0063,0.007360000,0.000157000,0.000785000,0.000960000,0.146000000,0.000053800,0.000538000,0.000594000,0.085500000,0.000126000,0.000000000
RHS400X200X7.1,64.90,0.4000,0.2000,0.0071,0.008260000,0.000175000,0.000877000,0.001080000,0.146000000,0.000059900,0.000599000,0.000665000,0.085100000,0.000141000,0.000000000
RHS400X200X8,72.80,0.4000,0.2000,0.0080,0.009280000,0.000196000,0.000978000,0.001200000,0.145000000,0.000066600,0.000666000,0.000743000,0.084700000,0.000157000,0.000000000
RHS400X200X8.8,79.80,0.4000,0.2000,0.0088,0.010200000,0.000213000,0.001070000,0.001320000,0.145000000,0.000072400,0.000724000,0.000811000,0.084400000,0.000172000,0.000000000
RHS400X200X10,90.20,0.4000,0.2000,0.0100,0.011500000,0.000239000,0.001200000,0.001480000,0.144000000,0.000080800,0.000808000,0.000911000,0.083900000,0.000193000,0.000000000
RHS400X200X12.5,112.00,0.4000,0.2000,0.0125,0.014200000,0.000291000,0.001450000,0.001810000,0.143000000,0.000097400,0.000974000,0.001110000,0.082800000,0.000234000,0.000000000
RHS400X200X14.2,126.00,0.4000,0.2000,0.0142,0.016000000,0.000324000,0.001620000,0.002030000,0.142000000,0.000108000,0.001080000,0.001240000,0.082100000,0.000261000,0.000000000
RHS400X200X16,141.00,0.4000,0.2000,0.0160,0.017900000,0.000357000,0.001790000,0.002260000,0.141000000,0.000118000,0.001180000,0.001370000,0.081300000,0.000289000,0.000000000
RHS400X300X8,85.40,0.4000,0.3000,0.0080,0.010900000,0.000257000,0.001290000,0.001520000,0.154000000,0.000165000,0.001100000,0.001250000,0.123000000,0.000310000,0.000000000
RHS400X300X8.8,93.60,0.4000,0.3000,0.0088,0.011900000,0.000281000,0.001400000,0.001660000,0.153000000,0.000180000,0.001200000,0.001360000,0.123000000,0.000339000,0.000000000
RHS400X300X10,106.00,0.4000,0.3000,0.0100,0.013500000,0.000315000,0.001580000,0.001870000,0.153000000,0.000202000,0.001350000,0.001540000,0.122000000,0.000382000,0.000000000
RHS400X300X12.5,131.00,0.4000,0.3000,0.0125,0.016700000,0.000385000,0.001920000,0.002300000,0.152000000,0.000246000,0.001640000,0.001880000,0.121000000,0.000468000,0.000000000
RHS400X300X14.2,148.00,0.4000,0.3000,0.0142,0.018900000,0.000430000,0.002150000,0.002580000,0.151000000,0.000274000,0.001830000,0.002110000,0.121000000,0.000525000,0.000000000
RHS400X300X16,166.00,0.4000,0.3000,0.0160,0.021100000,0.000475000,0.002380000,0.002870000,0.150000000,0.000303000,0.002020000,0.002350000,0.120000000,0.000583000,0.000000000
RHS450X250X8,85.40,0.4500,0.2500,0.0080,0.010900000,0.000301000,0.001340000,0.001620000,0.166000000,0.000121000,0.000971000,0.001080000,0.106000000,0.000271000,0.000000000
RHS450X250X8.8,93.60,0.4500,0.2500,0.0088,0.011900000,0.000328000,0.001460000,0.001770000,0.166000000,0.000132000,0.001060000,0.001180000,0.105000000,0.000296000,0.000000000
RHS450X250X10,106.00,0.4500,0.2500,0.0100,0.013500000,0.000369000,0.001640000,0.002000000,0.165000000,0.000148000,0.001190000,0.001330000,0.105000000,0.000333000,0.000000000
RHS450X250X12.5,131.00,0.4500,0.2500,0.0125,0.016700000,0.000450000,0.002000000,0.002460000,0.164000000,0.000180000,0.001440000,0.001630000,0.104000000,0.000407000,0.000000000
RHS450X250X14.2,148.00,0.4500,0.2500,0.0142,0.018900000,0.000503000,0.002240000,0.002760000,0.163000000,0.000200000,0.001600000,0.001830000,0.103000000,0.000456000,0.000000000
RHS450X250X16,166.00,0.4500,0.2500,0.0160,0.021100000,0.000557000,0.002480000,0.003070000,0.162000000,0.000220000,0.001760000,0.002030000,0.102000000,0.000505000,0.000000000
RHS500X200X8,85.40,0.5000,0.2000,0.0080,0.010900000,0.000340000,0.001360000,0.001710000,0.177000000,0.000081400,0.000814000,0.000896000,0.086500000,0.000211000,0.000000000
RHS500X200X8.8,93.60,0.5000,0.2000,0.0088,0.011900000,0.000372000,0.001490000,0.001870000,0.177000000,0.000088500,0.000885000,0.000979000,0.086100000,0.000230000,0.000000000
RHS500X200X10,106.00,0.5000,0.2000,0.0100,0.013500000,0.000418000,0.001670000,0.002110000,0.176000000,0.000098900,0.000989000,0.001100000,0.085600000,0.000259000,0.000000000
RHS500X200X12.5,131.00,0.5000,0.2000,0.0125,0.016700000,0.000510000,0.002040000,0.002590000,0.175000000,0.000119000,0.001190000,0.001350000,0.084500000,0.000315000,0.000000000
RHS500X200X14.2,148.00,0.5000,0.2000,0.0142,0.018900000,0.000569000,0.002280000,0.002900000,0.174000000,0.000132000,0.001320000,0.001510000,0.083800000,0.000352000,0.000000000
RHS500X200X16,166.00,0.5000,0.2000,0.0160,0.021100000,0.000630000,0.002520000,0.003230000,0.173000000,0.000145000,0.001450000,0.001670000,0.083000000,0.000389000,0.000000000
RHS500X300X8,97.90,0.5000,0.3000,0.0080,0.012500000,0.000437000,0.001750000,0.002100000,0.187000000,0.000200000,0.001330000,0.001480000,0.126000000,0.000426000,0.000000000
RHS500X300X8.8,107.00,0.5000,0.3000,0.0088,0.013700000,0.000478000,0.001910000,0.002300000,0.187000000,0.000218000,0.001450000,0.001620000,0.126000000,0.000466000,0.000000000
RHS500X300X10,122.00,0.5000,0.3000,0.0100,0.015500000,0.000538000,0.002150000,0.002600000,0.186000000,0.000244000,0.001630000,0.001830000,0.126000000,0.000525000,0.000000000
RHS500X300X12.5,151.00,0.5000,0.3000,0.0125,0.019200000,0.000658000,0.002630000,0.003200000,0.185000000,0.000298000,0.001990000,0.002240000,0.125000000,0.000644000,0.000000000
RHS500X300X14.2,170.00,0.5000,0.3000,0.0142,0.021700000,0.000737000,0.002950000,0.003590000,0.184000000,0.000332000,0.002220000,0.002520000,0.124000000,0.000722000,0.000000000
RHS500X300X16,191.00,0.5000,0.3000,0.0160,0.024300000,0.000818000,0.003270000,0.004010000,0.183000000,0.000368000,0.002450000,0.002800000,0.123000000,0.000803000,0.000000000
RHS500X300X20,235.00,0.5000,0.3000,0.0200,0.030000000,0.000988000,0.003950000,0.004890000,0.182000000,0.000441000,0.002940000,0.003410000,0.121000000,0.000974000,0.000000000
